27 75 11
11 1 9
1 11 9
1 2 27
11 3 6
3 11 6
11 4 13
4 11 13
1 4 13
3 5 10
5 11 10
11 6 27
11 7 27
11 8 40
6 9 16
4 10 10
10 12 6
12 11 6
7 12 6
6 12 6
11 13 20
13 11 20
6 14 27
7 15 7
15 11 7
3 15 7
11 16 6
4 17 5
17 11 5
9 11 5
6 11 5
13 17 5
13 18 11
16 19 8
19 11 8
5 19 8
11 19 8
3 20 5
20 11 5
4 20 5
18 21 6
21 11 6
19 21 6
8 22 6
22 11 6
20 22 6
8 23 10
10 11 5
22 24 5
24 11 5
8 24 5
13 25 11
25 11 11
8 25 11
17 26 6
26 11 6
6 26 6
2 11 11
11 27 11
27 1 90
27 2 84
27 3 83
27 4 85
27 5 89
27 6 87
27 7 85
27 8 86
27 9 90
27 10 91
27 11 89
27 12 90
27 13 83
27 14 85
27 15 89
27 16 90
27 17 84
