35 130 13
13 1 140
1 13 30
13 2 30
2 13 30
13 3 28
3 13 28
1 3 28
13 4 60
4 13 70
3 5 70
13 6 28
6 13 28
3 7 30
7 13 30
13 7 30
13 8 52
8 13 52
7 8 52
13 9 23
9 13 23
4 9 23
9 10 30
10 13 30
5 10 30
8 11 46
11 13 46
10 11 46
13 12 46
6 14 42
14 13 42
12 14 42
6 15 140
3 16 28
16 13 28
12 16 28
12 13 28
13 16 28
1 17 70
17 13 70
13 17 70
13 18 84
18 13 84
7 18 84
2 19 35
19 13 35
1 19 35
19 20 26
20 13 26
3 20 26
17 21 105
13 22 210
15 13 70
6 23 70
18 24 42
24 13 42
16 24 42
12 24 42
23 13 32
9 25 32
25 13 32
7 25 32
13 25 32
15 26 60
26 13 60
17 26 60
24 27 28
27 13 28
3 27 28
27 28 26
28 13 26
22 28 26
18 28 26
3 29 38
6 30 105
22 31 46
31 13 46
13 31 46
16 32 140
9 33 26
33 13 26
7 33 26
13 34 210
25 35 52
35 1 432
35 2 422
35 3 428
35 4 433
35 5 430
35 6 422
35 7 427
35 8 425
35 9 428
35 10 429
35 11 429
35 12 431
35 13 424
35 14 423
35 15 425
35 16 426
35 17 430
35 18 424
35 19 423
35 20 428
35 21 426
35 22 423
35 23 423
35 24 432
35 25 430
35 26 429
35 27 427
35 28 432
35 29 428
35 30 425
35 31 424
35 32 426
35 33 431
35 34 424
33 35 422
34 1 427
34 5 426
32 9 428
34 13 423
34 17 428
34 21 432
34 25 424
32 29 428
31 33 423
33 1 422
32 3 428
32 5 426
