104 570 86
86 1 381
86 2 38
2 86 38
1 2 38
1 86 38
2 3 44
3 86 44
86 3 44
1 3 44
86 4 26
4 86 26
3 4 26
2 4 26
86 5 28
5 86 28
1 5 28
4 5 28
3 5 28
5 6 31
6 86 31
4 6 31
2 6 31
3 6 31
6 7 42
7 86 42
86 7 42
86 8 381
4 9 28
9 86 28
8 86 28
2 9 28
8 9 28
5 9 28
86 9 28
6 9 28
4 10 71
10 86 71
2 10 71
7 10 71
4 11 104
10 12 29
12 86 29
3 12 29
9 12 29
86 13 24
13 86 24
5 13 24
7 13 24
12 13 24
9 13 24
2 13 24
5 14 104
1 15 52
15 86 52
8 15 52
86 15 52
6 16 49
16 86 49
86 16 49
7 16 49
3 16 49
8 16 49
13 17 71
17 86 71
16 17 71
13 18 44
18 86 44
17 18 44
15 18 44
9 19 228
7 20 29
20 86 29
86 20 29
15 20 29
17 20 29
20 21 30
21 86 30
8 21 30
86 21 30
11 86 30
10 21 30
9 21 30
20 22 44
22 86 44
21 22 44
5 23 88
23 86 88
11 23 88
21 24 24
24 86 24
18 24 24
5 24 24
86 24 24
3 25 54
25 86 54
5 25 54
86 25 54
20 26 54
26 86 54
24 26 54
17 26 54
19 27 32
27 86 32
24 27 32
21 27 32
86 28 33
28 86 33
25 28 33
19 28 33
1 28 33
16 28 33
26 29 28
29 86 28
23 29 28
16 29 28
27 29 28
13 29 28
86 29 28
20 29 28
29 30 71
30 86 71
10 30 71
13 31 228
31 86 228
86 31 228
7 32 114
32 86 114
86 32 114
28 33 38
33 86 38
29 33 38
25 33 38
7 33 38
21 34 127
24 35 40
35 86 40
25 35 40
4 35 40
34 86 76
31 36 76
3 37 228
32 38 60
38 86 60
10 38 60
28 39 54
39 86 54
4 39 54
21 40 22
40 86 22
86 40 22
38 40 22
20 40 22
18 40 22
29 40 22
22 41 38
41 86 38
24 41 38
40 41 38
86 42 36
42 86 36
40 42 36
15 42 36
38 42 36
29 43 25
43 86 25
40 43 25
41 43 25
37 86 25
21 43 25
22 43 25
12 43 25
2 44 381
29 45 95
45 86 95
6 45 95
23 46 104
46 86 104
27 46 104
43 47 27
47 86 27
13 47 27
26 47 27
32 47 27
35 47 27
31 48 49
48 86 49
16 48 49
33 48 49
86 49 572
86 50 228
24 51 30
51 86 30
31 51 30
16 51 30
21 51 30
26 52 22
52 86 22
47 52 22
33 52 22
24 52 22
16 52 22
40 52 22
14 53 38
53 86 38
51 53 38
29 53 38
45 54 31
54 86 31
47 54 31
14 55 47
55 86 47
18 55 47
86 56 49
56 86 49
32 56 49
13 56 49
51 57 36
57 86 36
30 57 36
16 57 36
50 57 36
50 86 71
35 58 71
58 86 71
86 58 71
41 59 286
53 60 114
37 61 71
61 86 71
86 61 71
18 62 88
56 63 33
63 86 33
49 86 33
86 63 33
52 63 33
29 63 33
86 64 30
64 86 30
25 64 30
31 64 30
7 64 30
24 64 30
53 65 23
65 86 23
86 65 23
47 65 23
42 66 95
64 67 22
67 86 22
42 67 22
57 67 22
13 67 22
23 67 22
86 67 22
66 68 28
68 86 28
43 68 28
62 86 28
17 68 28
48 69 26
69 86 26
58 69 26
68 69 26
22 69 26
32 70 22
70 86 22
50 70 22
56 70 22
49 70 22
34 70 22
53 70 22
86 70 22
63 71 35
71 86 35
86 71 35
28 71 35
86 72 71
72 86 71
33 72 71
66 72 71
1 73 39
73 86 39
67 73 39
71 73 39
61 73 39
71 74 22
74 86 22
20 74 22
63 74 22
48 74 22
67 75 44
75 86 44
73 75 44
43 75 44
32 75 44
15 75 44
64 76 26
76 86 26
50 76 26
75 76 26
74 76 26
65 76 26
5 76 26
21 76 26
15 77 21
77 86 21
5 77 21
67 77 21
61 77 21
86 77 21
76 77 21
17 77 21
22 77 21
71 77 21
86 78 572
77 79 34
79 86 34
74 79 34
20 79 34
86 79 34
78 86 32
26 80 32
80 86 32
68 80 32
72 80 32
67 80 32
70 81 42
81 86 42
79 81 42
86 81 42
74 82 49
82 86 49
65 82 49
67 82 49
77 83 22
83 86 22
25 83 22
43 83 22
20 84 381
28 85 36
85 86 36
36 86 36
70 85 36
86 85 36
85 87 26
87 86 26
21 87 26
78 87 26
73 88 45
88 86 45
75 88 45
81 88 45
3 88 45
29 88 45
41 89 27
89 86 27
13 89 27
64 89 27
85 89 27
73 89 27
76 90 39
90 86 39
87 90 39
86 90 39
64 91 25
91 86 25
7 91 25
80 91 25
56 91 25
89 91 25
32 91 25
79 92 29
92 86 29
39 92 29
86 92 29
42 92 29
41 92 29
49 93 381
80 94 163
94 86 163
49 94 163
72 95 22
95 86 22
91 95 22
5 95 22
86 95 22
31 95 22
63 96 28
96 86 28
58 96 28
89 96 28
50 96 28
86 96 28
31 96 28
74 96 28
77 96 28
35 97 40
97 86 40
90 97 40
79 97 40
7 98 190
71 99 49
99 86 49
92 99 49
86 100 572
42 101 33
101 86 33
95 101 33
38 101 33
99 102 27
102 86 27
86 102 27
96 102 27
69 102 27
60 86 27
100 102 27
88 103 45
103 86 45
24 103 45
96 103 45
102 104 31
104 86 31
80 104 31
22 104 31
28 104 31
81 104 31
96 104 31
104 1 1166
104 4 1149
104 7 1148
104 10 1165
104 13 1163
104 16 1152
104 19 1147
104 22 1148
104 25 1155
104 28 1146
104 31 1150
104 34 1163
104 37 1155
104 40 1147
104 43 1151
104 46 1166
104 49 1153
104 52 1149
104 55 1153
104 58 1147
104 61 1156
104 64 1146
104 67 1160
104 70 1150
104 73 1150
104 76 1165
104 79 1147
104 82 1154
104 85 1160
104 88 1147
104 91 1165
104 94 1156
104 97 1161
104 100 1160
104 103 1151
102 1 1161
101 4 1148
103 7 1147
102 10 1146
102 13 1161
102 16 1163
102 19 1161
102 22 1146
102 25 1155
102 28 1155
103 31 1166
101 34 1164
103 37 1156
102 40 1150
103 43 1166
103 46 1159
103 49 1164
101 52 1153
103 55 1166
102 58 1148
103 61 1153
102 64 1160
103 67 1161
102 70 1162
102 73 1150
102 76 1165
103 79 1166
102 82 1154
101 85 1164
102 88 1158
102 91 1159
101 94 1160
103 97 1167
103 100 1159
102 103 1151
101 1 1147
98 4 1150
102 7 1162
100 10 1165
101 13 1151
101 16 1153
103 19 1149
103 22 1147
101 25 1154
100 28 1149
102 31 1153
103 34 1147
102 37 1164
100 40 1167
102 43 1167
101 46 1167
102 49 1162
103 52 1163
101 55 1163
100 58 1153
102 61 1156
103 64 1166
102 67 1152
101 70 1153
103 73 1163
103 76 1160
102 79 1163
101 82 1154
98 85 1153
103 88 1152
100 91 1158
102 94 1153
102 97 1150
102 100 1151
101 103 1150
98 1 1167
104 2 1151
104 3 1163
95 4 1150
104 5 1149
104 6 1155
101 7 1146
104 8 1167
104 9 1166
103 10 1160
104 11 1162
104 12 1161
100 13 1162
104 14 1146
104 15 1151
103 16 1152
104 17 1158
104 18 1160
101 19 1146
104 20 1148
104 21 1166
101 22 1160
104 23 1160
104 24 1159
103 25 1158
104 26 1154
104 27 1163
103 28 1160
104 29 1158
104 30 1151
101 31 1148
104 32 1149
104 33 1165
102 34 1146
104 35 1157
104 36 1154
101 37 1161
