72 343 43
43 1 154
1 43 154
43 2 67
2 43 67
43 3 38
3 43 38
2 3 38
3 4 49
4 43 49
43 4 49
1 4 49
3 5 270
1 6 33
6 43 33
4 6 33
43 6 33
43 7 154
7 43 154
2 7 154
5 8 41
8 43 41
6 8 41
3 8 41
7 9 77
9 43 77
43 10 32
10 43 32
4 10 32
6 10 32
5 10 32
10 11 49
11 43 49
8 11 49
43 11 49
6 12 72
12 43 72
1 12 72
43 12 72
4 12 72
10 13 32
13 43 32
6 13 32
11 13 32
5 13 32
6 14 49
14 43 49
11 14 49
12 15 90
15 43 90
10 15 90
12 16 77
16 43 77
2 16 77
43 16 77
43 17 36
17 43 36
7 17 36
16 17 36
11 17 36
12 18 32
18 43 32
13 18 32
17 18 32
3 18 32
4 19 63
19 43 63
43 19 63
18 20 43
20 43 43
43 20 43
3 20 43
12 21 37
21 43 37
10 21 37
17 21 37
43 21 37
7 22 36
22 43 36
12 22 36
43 22 36
21 22 36
20 23 72
23 43 72
4 23 72
11 23 72
2 23 72
22 24 90
24 43 90
6 25 98
25 43 98
2 25 98
17 25 98
4 26 90
26 43 90
43 26 90
43 27 120
15 28 135
27 43 83
17 29 83
26 30 67
30 43 67
1 30 67
43 30 67
43 31 36
31 43 36
21 31 36
22 31 36
20 31 36
29 32 51
32 43 51
14 32 51
11 33 34
33 43 34
26 33 34
22 34 36
34 43 36
27 34 36
20 35 29
35 43 29
34 35 29
18 35 29
23 35 29
31 36 46
36 43 46
20 36 46
7 36 46
36 37 29
37 43 29
31 37 29
30 37 29
11 37 29
43 38 90
38 43 90
24 38 90
35 39 180
29 40 49
40 43 49
12 40 49
29 41 45
41 43 45
11 41 45
19 42 36
42 43 36
6 42 36
30 42 36
9 44 30
44 43 30
26 44 30
23 44 30
30 44 30
30 45 40
39 46 37
46 43 37
28 46 37
42 46 37
3 46 37
12 47 108
47 43 108
27 47 108
11 48 216
48 43 216
43 48 216
25 49 31
49 43 31
46 49 31
33 49 31
38 49 31
20 50 51
50 43 51
43 50 51
12 50 51
19 50 51
19 51 40
51 43 40
15 51 40
16 51 40
43 51 40
43 52 540
3 53 51
53 43 51
52 53 51
22 53 51
42 53 51
6 54 120
54 43 120
3 54 120
29 55 60
55 43 60
50 55 60
20 55 60
43 56 34
56 43 34
22 56 34
25 56 34
41 56 34
35 57 43
57 43 43
39 43 43
49 57 43
20 58 90
58 43 90
4 58 90
53 59 36
59 43 36
51 59 36
52 43 36
58 59 36
43 59 36
52 60 90
54 61 67
61 43 67
11 61 67
4 61 67
19 62 67
62 43 67
18 62 67
48 62 67
2 63 120
63 43 120
43 63 120
31 64 72
55 65 31
65 43 31
64 65 31
49 65 31
52 65 31
59 65 31
4 66 360
2 67 360
37 68 56
68 43 56
30 68 56
43 68 56
30 69 360
59 70 45
70 43 45
66 43 45
43 70 45
12 71 67
71 43 67
4 71 67
59 71 67
51 71 67
22 72 32
72 43 32
55 72 32
58 72 32
59 72 32
72 1 1096
72 5 1096
72 9 1084
72 13 1095
72 17 1098
72 21 1098
72 25 1099
72 29 1096
72 33 1094
72 37 1092
72 41 1092
72 45 1093
72 49 1093
72 53 1096
72 57 1087
72 61 1088
72 65 1084
72 69 1087
71 1 1086
72 2 1082
72 3 1094
72 4 1084
70 5 1084
72 6 1094
72 7 1098
72 8 1088
71 9 1084
72 10 1089
72 11 1084
72 12 1098
70 13 1087
72 14 1097
72 15 1091
72 16 1095
70 17 1086
72 18 1086
72 19 1099
72 20 1087
71 21 1091
72 22 1098
72 23 1098
72 24 1086
69 25 1088
72 26 1087
72 27 1086
72 28 1095
69 29 1098
72 30 1099
72 31 1097
72 32 1098
69 33 1097
72 34 1087
72 35 1091
72 36 1097
70 37 1095
72 38 1082
72 39 1088
72 40 1087
70 41 1086
72 42 1091
69 43 1092
72 44 1084
71 45 1088
72 46 1097
72 47 1095
72 48 1094
69 49 1097
72 50 1096
72 51 1092
72 52 1084
70 53 1095
72 54 1085
72 55 1092
72 56 1097
71 57 1086
72 58 1097
72 59 1090
72 60 1099
71 61 1085
72 62 1094
72 63 1093
72 64 1083
69 65 1083
72 66 1082
72 67 1093
72 68 1090
71 69 1082
72 70 1099
72 71 1095
69 72 1095
69 1 1097
71 5 1093
69 9 1090
68 13 1097
69 17 1092
