86 435 43
43 1 36
1 43 36
1 2 172
2 43 60
43 3 60
3 43 60
2 3 60
43 4 401
4 43 70
3 5 70
43 6 30
6 43 30
2 6 30
4 6 30
5 43 30
4 7 37
7 43 37
43 7 37
6 7 37
43 8 301
43 9 602
1 10 46
10 43 46
9 43 46
5 10 46
6 11 172
11 43 172
3 11 172
8 43 301
43 12 301
1 13 40
13 43 40
7 13 40
8 13 40
3 13 40
43 13 40
13 14 66
14 43 66
43 14 66
3 14 66
12 14 66
7 15 28
15 43 28
13 15 28
9 15 28
8 15 28
9 16 60
16 43 60
15 16 60
11 16 60
4 16 60
15 17 75
17 43 75
11 17 75
13 18 34
18 43 34
15 18 34
16 18 34
4 18 34
1 18 34
14 18 34
4 19 36
19 43 36
18 19 36
9 19 36
13 19 36
6 19 36
14 19 36
10 20 37
20 43 37
43 20 37
11 20 37
12 21 33
21 43 33
19 21 33
20 21 33
43 21 33
14 21 33
12 22 46
22 43 46
43 22 46
21 23 29
23 43 29
18 23 29
15 23 29
43 23 29
12 43 29
4 23 29
20 24 60
24 43 60
11 24 60
23 24 60
15 24 60
18 25 38
25 43 38
6 25 38
14 25 38
7 26 31
26 43 31
23 26 31
13 26 31
4 26 31
8 26 31
24 26 31
43 27 60
27 43 60
4 27 60
20 27 60
26 28 100
28 43 100
22 28 100
27 29 60
29 43 60
22 29 60
43 29 60
21 30 66
26 31 38
31 43 38
43 31 38
14 31 38
22 31 38
12 31 38
23 31 38
21 31 38
30 32 32
32 43 32
21 32 32
31 33 172
8 34 57
34 43 57
33 34 57
20 34 57
15 35 35
35 43 35
31 35 35
7 35 35
43 35 35
10 35 35
28 35 35
1 36 109
27 37 31
37 43 31
20 37 31
20 38 54
38 43 54
35 38 54
24 39 28
39 43 28
27 39 28
9 39 28
29 39 28
12 39 28
13 40 40
40 43 40
16 40 40
26 40 40
21 40 40
43 41 66
41 43 66
31 41 66
24 41 66
1 42 30
42 43 30
35 42 30
43 42 30
31 42 30
24 44 80
44 43 80
43 44 80
41 45 27
45 43 27
43 45 27
44 45 27
28 45 27
30 43 27
4 45 27
25 46 38
46 43 38
39 46 38
40 46 38
42 46 38
40 47 86
39 48 32
48 43 32
42 48 32
43 48 32
14 48 32
48 49 43
49 43 43
29 49 43
45 49 43
3 50 28
50 43 28
43 50 28
48 50 28
42 50 28
46 50 28
15 51 200
21 52 34
52 43 34
50 52 34
43 52 34
9 52 34
45 53 48
53 43 48
22 53 48
49 53 48
43 53 48
50 54 92
54 43 92
32 54 92
43 55 100
55 43 100
41 55 100
50 56 30
56 43 30
43 56 30
40 56 30
53 56 30
34 56 30
48 56 30
54 57 38
57 43 38
37 57 38
14 57 38
56 57 38
51 58 80
58 43 80
49 58 80
12 59 401
42 60 35
60 43 35
57 60 35
30 60 35
60 61 63
61 43 63
57 61 63
21 62 52
62 43 52
52 62 52
15 62 52
53 63 28
63 43 28
55 63 28
3 63 28
42 63 28
25 63 28
53 64 38
64 43 38
13 64 38
43 64 38
38 64 38
54 65 109
65 43 109
23 65 109
41 66 120
66 43 120
34 66 120
64 67 66
67 43 66
20 67 66
15 68 44
68 43 44
23 68 44
55 68 44
28 69 60
69 43 60
45 69 60
39 69 60
35 70 57
63 71 50
71 43 50
45 71 50
62 71 50
44 72 86
72 43 86
43 72 86
57 73 40
73 43 40
29 73 40
19 73 40
42 73 40
53 74 32
74 43 32
31 74 32
50 74 32
9 74 32
43 74 32
43 75 70
55 76 46
76 43 46
74 76 46
43 76 46
52 77 66
77 43 66
50 77 66
53 77 66
75 78 57
78 43 57
49 78 57
66 78 57
50 79 200
15 80 32
80 43 32
43 80 32
22 80 32
48 80 32
76 80 32
79 81 30
81 43 30
45 81 30
61 81 30
75 81 30
48 81 30
76 82 37
82 43 37
52 82 37
5 82 37
32 83 172
33 43 43
73 84 43
84 43 43
72 84 43
64 85 27
85 43 27
84 85 27
29 85 27
60 85 27
35 85 27
43 85 27
25 86 48
86 43 48
85 86 48
35 86 48
86 1 1225
86 5 1222
86 9 1206
86 13 1211
86 17 1213
86 21 1208
86 25 1208
86 29 1213
86 33 1224
86 37 1209
86 41 1213
86 45 1208
86 49 1207
86 53 1206
86 57 1212
86 61 1206
86 65 1210
86 69 1218
86 73 1213
86 77 1219
86 81 1207
86 85 1225
85 1 1219
86 3 1210
85 5 1213
86 7 1207
84 9 1223
86 11 1219
84 13 1219
86 15 1225
83 17 1223
86 19 1219
83 21 1213
86 23 1223
84 25 1213
86 27 1222
85 29 1213
86 31 1218
84 33 1224
86 35 1206
85 37 1223
86 39 1217
83 41 1216
70 43 1220
85 45 1216
86 47 1208
83 49 1224
86 51 1206
85 53 1207
86 55 1217
83 57 1208
86 59 1220
83 61 1210
86 63 1210
83 65 1208
86 67 1211
84 69 1221
86 71 1214
84 73 1210
86 75 1222
83 77 1225
86 79 1215
83 81 1214
86 83 1212
83 85 1212
84 1 1221
83 5 1218
83 9 1211
83 13 1223
84 17 1209
85 21 1208
85 25 1216
83 29 1210
83 33 1208
83 37 1219
80 41 1221
84 45 1220
80 49 1211
84 53 1208
84 57 1212
85 61 1206
85 65 1224
82 69 1206
82 73 1209
84 77 1221
84 81 1223
82 85 1211
83 1 1210
84 5 1212
85 9 1224
80 13 1208
85 17 1208
84 21 1212
83 25 1219
80 29 1210
82 33 1209
84 37 1223
77 41 1218
83 45 1208
77 49 1212
83 53 1212
