46 187 25
25 1 34
1 25 34
25 2 25
2 25 25
1 2 25
2 3 18
3 25 18
1 3 18
25 3 18
25 4 37
4 25 37
3 5 29
5 25 29
5 6 69
3 7 27
7 25 27
6 7 27
3 8 17
8 25 17
25 8 17
1 8 17
25 9 20
9 25 20
4 9 20
7 9 20
25 10 25
10 25 25
4 10 25
8 11 34
11 25 34
4 11 34
9 12 41
5 13 18
13 25 18
9 13 18
8 13 18
25 13 18
9 14 37
14 25 37
25 14 37
11 15 17
15 25 17
13 15 17
14 15 17
25 15 17
4 15 17
10 16 19
16 25 19
14 16 19
8 16 19
7 17 34
17 25 34
15 17 34
25 18 20
18 25 20
10 18 20
25 19 207
19 25 31
9 20 31
20 25 31
25 20 31
3 20 31
13 21 69
21 25 69
25 21 69
13 22 37
22 25 37
15 22 37
18 22 37
25 23 18
23 25 18
22 23 18
4 23 18
1 23 18
13 23 18
14 23 18
19 24 20
24 25 20
2 24 20
14 24 20
23 26 29
26 25 29
12 26 29
16 26 29
25 26 29
25 27 31
27 25 31
3 27 31
26 28 18
28 25 18
18 28 18
14 28 18
22 29 24
29 25 24
25 29 24
10 30 138
28 31 18
31 25 18
14 31 18
29 32 19
32 25 19
23 32 19
18 33 29
33 25 29
25 33 29
19 34 19
34 25 19
22 34 19
8 35 19
35 25 19
25 35 19
33 35 19
30 35 19
15 36 82
25 37 17
37 25 17
16 37 17
27 37 17
17 37 17
28 38 27
38 25 27
27 38 27
25 38 27
25 39 27
39 25 27
36 25 27
32 39 27
10 40 25
40 25 25
22 40 25
20 40 25
25 41 29
41 25 29
8 42 27
42 25 27
13 42 27
3 43 103
2 44 59
44 25 59
25 44 59
38 45 31
45 25 31
10 45 31
27 46 21
46 1 429
46 5 424
46 9 421
46 13 427
46 17 423
46 21 421
46 25 424
46 29 417
46 33 424
46 37 426
46 41 421
46 45 428
43 1 427
46 3 427
45 5 422
46 7 424
43 9 422
46 11 422
43 13 427
46 15 418
43 17 428
46 19 416
43 21 427
46 23 418
30 25 419
46 27 429
44 29 419
46 31 424
43 33 426
46 35 426
45 37 416
46 39 416
43 41 422
46 43 429
43 45 421
45 1 416
46 2 418
45 3 422
46 4 429
44 5 424
46 6 426
45 7 425
46 8 420
