21 57 11
11 1 63
11 2 25
2 11 31
11 3 31
1 4 14
4 11 14
11 4 14
4 5 14
11 6 63
4 7 31
11 8 25
1 9 42
11 10 42
3 12 25
12 11 25
11 12 25
7 13 12
13 11 12
5 11 12
11 13 12
2 14 42
14 15 31
13 16 21
6 17 18
17 11 18
11 17 18
11 18 63
7 19 14
4 20 15
20 11 15
8 11 15
11 20 15
16 21 11
21 11 11
13 21 11
21 1 128
21 3 129
21 5 132
21 7 133
21 9 131
19 11 130
21 13 128
21 15 135
21 17 132
21 19 130
20 21 132
20 1 133
21 2 129
19 3 130
21 4 131
19 5 132
21 6 132
19 7 135
21 8 131
20 9 129
21 10 130
18 11 132
