58 254 48
48 1 10
1 48 10
48 2 87
1 3 43
2 48 29
48 4 29
48 5 14
5 48 14
2 6 29
4 7 7
7 48 7
5 7 7
48 7 7
1 8 8
8 48 8
6 8 8
48 8 8
5 9 58
8 10 7
10 48 7
48 10 7
4 48 7
2 10 7
5 11 43
48 12 87
10 13 6
13 48 6
3 13 6
48 13 6
2 13 6
9 48 24
4 14 24
4 15 5
15 48 5
12 48 5
48 15 5
14 15 5
1 16 6
16 48 6
7 16 6
12 16 6
48 16 6
16 17 8
17 48 8
15 17 8
8 17 8
13 18 43
7 19 21
19 48 21
17 19 21
48 20 29
19 21 12
48 22 5
22 48 5
20 22 5
16 22 5
12 22 5
19 22 5
13 23 10
23 48 10
20 23 10
16 23 10
20 24 6
24 48 6
6 24 6
48 24 6
17 24 6
16 25 9
25 48 9
48 25 9
17 25 9
9 25 9
25 26 6
26 48 6
23 26 6
19 26 6
7 27 6
27 48 6
26 27 6
22 27 6
20 27 6
27 28 9
28 48 9
15 28 9
26 29 8
29 48 8
27 29 8
8 29 8
22 30 6
30 48 6
3 48 6
48 30 6
5 30 6
12 31 10
31 48 10
23 31 10
48 32 8
32 48 8
1 32 8
48 33 14
33 48 14
23 33 14
24 34 6
34 48 6
48 34 6
18 34 6
12 35 58
32 36 6
36 48 6
24 36 6
34 36 6
1 36 6
36 37 17
37 48 17
48 37 17
33 38 12
38 48 12
36 38 12
28 39 11
39 48 11
48 39 11
48 40 87
32 41 7
41 48 7
24 41 7
7 41 7
48 42 87
32 43 17
43 48 17
4 43 17
48 43 17
8 44 11
44 48 11
18 48 11
48 44 11
29 45 9
45 48 9
48 45 9
23 45 9
13 46 15
46 48 15
2 47 58
40 49 24
33 50 13
50 48 13
4 50 13
44 51 12
51 48 12
48 51 12
13 52 8
52 48 8
7 52 8
34 52 8
48 52 8
28 53 17
53 48 17
42 48 17
48 53 17
37 54 8
54 48 8
24 54 8
44 55 6
55 48 6
14 55 6
12 55 6
34 55 6
18 55 6
48 56 87
56 57 58
55 58 9
58 48 9
43 58 9
48 58 9
58 1 178
58 2 187
58 3 184
58 4 191
58 5 185
58 6 183
58 7 184
58 8 179
58 9 176
58 10 185
58 11 178
58 12 177
58 13 189
58 14 186
58 15 180
58 16 183
58 17 184
58 18 191
58 19 176
58 20 191
58 21 190
58 22 181
58 23 177
58 24 183
58 25 184
58 26 179
58 27 181
58 28 190
58 29 181
58 30 184
58 31 184
58 32 187
58 33 188
58 34 185
58 35 184
58 36 191
58 37 185
58 38 181
58 39 185
58 40 176
58 41 184
58 42 179
58 43 189
58 44 177
58 45 191
58 46 187
58 47 191
56 48 186
58 49 185
58 50 186
58 51 186
58 52 179
58 53 185
58 54 188
58 55 182
58 56 182
58 57 186
52 58 186
55 1 185
55 5 186
55 9 186
56 13 178
57 17 176
56 21 190
55 25 182
55 29 187
56 33 189
57 37 177
55 41 190
55 45 178
57 49 190
55 53 182
55 57 184
52 1 176
57 2 190
55 3 191
55 4 183
56 5 176
55 6 178
55 7 179
57 8 190
